====== MRTPSRC LIVE INFO [1556265664.029218 ~ 1556265694.029166] ======
  Frame count
    total         [0]   0,0,0,0, 0,0,0,0
    i             [0]   0,0,0,0, 0,0,0,0
    p             [0]   0,0,0,0, 0,0,0,0
    total         [1]   0,0,0,0, 0,0,0,0
    i             [1]   0,0,0,0, 0,0,0,0
    p             [1]   0,0,0,0, 0,0,0,0
  Frame kbytes
    total         [0]   0,0,0,0, 0,0,0,0
    i             [0]   0,0,0,0, 0,0,0,0
    p             [0]   0,0,0,0, 0,0,0,0
    total         [1]   0,0,0,0, 0,0,0,0
    i             [1]   0,0,0,0, 0,0,0,0
    p             [1]   0,0,0,0, 0,0,0,0
  Frame average bytes
    total         [0]   0,0,0,0, 0,0,0,0
    i             [0]   0,0,0,0, 0,0,0,0
    p             [0]   0,0,0,0, 0,0,0,0
    total         [1]   0,0,0,0, 0,0,0,0
    i             [1]   0,0,0,0, 0,0,0,0
    p             [1]   0,0,0,0, 0,0,0,0
  I-Frame max bytes
                  [0]   0,0,0,0, 0,0,0,0
                  [1]   0,0,0,0, 0,0,0,0
  P-Frame max bytes
                  [0]   0,0,0,0, 0,0,0,0
                  [1]   0,0,0,0, 0,0,0,0
  Short interval
    min[0] (msec)       0,0,0,0, 0,0,0,0
    20 msec under [0]   0,0,0,0, 0,0,0,0
    10 msec under [0]   0,0,0,0, 0,0,0,0
    min[1] (msec)       0,0,0,0, 0,0,0,0
    20 msec under [1]   0,0,0,0, 0,0,0,0
    10 msec under [1]   0,0,0,0, 0,0,0,0
  Long interval
    max[0] (msec)       0,0,0,0, 0,0,0,0
    40 msec over  [0]   0,0,0,0, 0,0,0,0
    70 msec over  [0]   0,0,0,0, 0,0,0,0
    100 msec over [0]   0,0,0,0, 0,0,0,0
    130 msec over [0]   0,0,0,0, 0,0,0,0
    max[1] (msec)       0,0,0,0, 0,0,0,0
    40 msec over  [1]   0,0,0,0, 0,0,0,0
    70 msec over  [1]   0,0,0,0, 0,0,0,0
    100 msec over [1]   0,0,0,0, 0,0,0,0
    130 msec over [1]   0,0,0,0, 0,0,0,0
=======================================================================
